index,0,1,2,3,4
0,0.130173081,0.59640434,0.1263136,0.081415387,0.065693593
1,0.022343556,0.937429411,0.016898471,0.014217573,0.009110989
2,0.999379252,0.000416667,0,0,0.000204082
3,0.023237614,0.06756557,0.845099812,0.022748013,0.041348991
4,0.970565379,0.004963161,0.004123783,0.014993607,0.00535407
5,0.006600303,0.011658195,0.029950565,0.945100118,0.006690819
6,0.071164714,0.050272068,0.27613786,0.5588842,0.043541158
7,0.993914822,0.003042535,0.000914376,0.000227273,0.001900993
8,0.992071128,0.003935785,0.000212766,0.000951848,0.002828473
9,0.667226425,0.17518146,0.064515134,0.049181733,0.043895248
10,0.000498575,0,0.003383773,0.996117652,0
11,0.042951685,0.003137806,0.010327942,0.006637415,0.936945153
12,0.003715156,0.985480315,0.005049505,0.003728315,0.002026709
13,0.129128988,0.162638564,0.48993089,0.108851684,0.109449874
14,0.008919662,0.055412824,0.925003656,0.003334499,0.00732936
15,0.53675075,0.049723038,0.041356736,0.336636694,0.035532781
16,0.127371741,0.085421511,0.622910199,0.069364358,0.094932191
17,0.068632646,0.048541883,0.689333772,0.036096844,0.157394855
18,0.005381385,0.026071256,0.062272922,0.887735558,0.01853888
19,0.099122625,0.106853128,0.251586071,0.087246621,0.455191555
20,0.003452233,0.040380965,0.94105195,0.007556214,0.007558639
21,0.001050733,0.984539716,0.000519568,0.001341737,0.012548246
22,0.29864373,0.026869532,0.031968887,0.016591493,0.625926357
23,0.389463905,0.042804116,0.044334019,0.073463827,0.449934133
24,0.020181207,0.006644144,0.04723928,0.923526363,0.002409005
25,0.002708625,0.008215594,0.00270552,0.984902856,0.001467405
26,0.000949855,0,0.004796616,0.994089594,0.000163934
27,0.002153846,0.010607625,0.985677733,0.000578408,0.000982388
28,0.998282226,0.000294118,0,0,0.001423656
29,0.806770203,0.028165456,0.127477785,0.025008086,0.01257847
30,0,0,0.000294118,0.999705882,0
31,0.019484458,0.030460739,0.931103362,0.010509941,0.008441501
32,0.001639785,0.000243902,0.013760536,0.976636211,0.007719565
33,0.982256445,0.001503873,0.002269876,0.003440094,0.010529713
34,0.024594685,0.00421239,0.026012508,0.936162034,0.009018383
35,0.003954785,0.993974382,0.000147059,0.000344828,0.001578947
36,0,0.001703924,0.00449081,0.993805266,0
37,0.038174626,0.028907335,0.043363319,0.028131933,0.861422787
38,0.003139255,0.000278638,0.000566362,0.003333333,0.992682413
39,0.220983459,0.03633987,0.033298744,0.022870144,0.686507782
40,0.15410333,0.162668313,0.391892671,0.111146634,0.180189053
41,0.023569511,0.909664899,0.012284071,0.04315988,0.01132164
42,0.008403791,0.013985783,0.973179758,0.002262626,0.002168041
43,0.752514973,0.110322923,0.036530294,0.032606352,0.068025457
44,0.073008811,0.84250889,0.018447282,0.041767631,0.024267386
45,0.000384615,0.01799342,0.97636678,0.000862207,0.004392977
46,0.972201251,0.004627329,0.015646804,0.000289855,0.007234761
47,0.000212766,0,0,0.999787234,0
48,0.011065972,0.985478266,0.000147059,0.002249589,0.001059113
49,0.00173913,0.001934783,0.003196936,0.993129151,0
50,0.005206888,0.003023516,0.005464481,0.005102473,0.981202642
51,0.10595973,0.068593143,0.222244396,0.090953533,0.512249197
52,0.005077328,0.000480392,0.002724304,0.006104035,0.985613941
53,0.023139059,0.004994923,0.012358976,0.008841885,0.950665157
54,0.016113304,0.010642417,0.024471555,0.007439372,0.941333352
55,0.006034483,0.991800177,0.000666667,0.001153846,0.000344828
56,0.000994536,0.00016129,0.003520301,0.99099054,0.004333333
57,0.010547198,0.002075321,0.011230598,0.013933757,0.962213126
58,0.03496366,0.004168595,0.017667306,0.025231939,0.9179685
59,0.004891355,0.017352557,0.971079804,0.003462665,0.00321362
60,0.000555556,0.997865497,0,0,0.001578947
61,0.040935019,0.842146995,0.012506364,0.09454604,0.009865582
62,0.0027681,0.004392905,0.013886031,0.971708696,0.007244268
63,0.007279916,0.063448558,0.913147925,0.005655765,0.010467837
64,0.013385073,0.981271589,0.003271762,0.001726748,0.000344828
65,0.011498121,0.038540609,0.92955733,0.003419022,0.016984918
66,0.000394737,0.000278638,0.000434783,0,0.998891843
67,0.007435546,0.028830898,0.943708151,0.004673023,0.015352382
68,0.86064536,0.061259144,0.019335118,0.019243387,0.039516992
69,0.001833333,0.01762987,0.000166667,0.98037013,0
70,0,0,0,1,0
71,0.025747183,0.057558524,0.838704103,0.013487438,0.064502751
72,0.005367384,0.014187657,0.011843836,0.960372178,0.008228946
73,0.005814045,0.018053813,0.964209006,0.003925198,0.007997938
74,0.026156434,0.962853577,0.000645161,0.01,0.000344828
75,0,0,0,1,0
76,0.039991884,0.007045747,0.004593213,0.020123758,0.928245399
77,0.967693456,0.00340946,0.015463584,0.002524744,0.010908756
78,0.021030946,0.004616206,0.013964478,0.008379106,0.952009263
79,0.099746035,0.755965651,0.028918487,0.054137092,0.061232734
80,0.002526466,0.992166984,0.001283215,0.003404287,0.000619048
81,0.031243703,0.016364636,0.133826485,0.014976554,0.803588623
82,0.137664025,0.059884965,0.655239031,0.060078384,0.087133596
83,0.040925749,0.176714494,0.022756219,0.727016051,0.032587488
84,0.01377104,0.019944873,0.943035411,0.020379077,0.002869598
85,0.003530765,0.995754949,0,0.000714286,0
86,0.016758035,0.014242372,0.007982866,0.956790544,0.004226183
87,0.008529661,0.029427287,0.956137623,0.002844025,0.003061404
88,0.152839994,0.120769464,0.581437466,0.073686859,0.071266217
89,0.000720497,0.006433602,0.007662746,0.985038227,0.000144928
90,0.008802359,0.016304073,0.026810335,0.941122234,0.006960998
91,0.088705297,0.728117375,0.079876879,0.050256116,0.053044333
92,0.065770118,0.037212241,0.036207364,0.826226805,0.034583471
93,0.002148072,0.002784961,0.01183624,0.975200423,0.008030303
94,0.001860235,0.000181818,0.000185185,0.997364598,0.000408163
95,0.995507624,0.00281918,0.000196078,0.000263158,0.00121396
96,0,0.000784314,0.000263158,0.994518139,0.004434389
97,0.810993478,0.080316573,0.027376782,0.032714235,0.048598931
98,0.008126023,0.010607149,0.006541211,0.008909752,0.965815866
99,0,0.000491803,0.003278689,0.996229508,0
100,0.014497139,0.037700057,0.862149303,0.069561354,0.016092148
101,0.992537264,0.000440039,0.002655367,0,0.004367331
102,0,0.00037037,0.0004,0.99922963,0
103,0.023549451,0.099523799,0.84968592,0.011162463,0.016078367
104,0.925229195,0.007855167,0.024676217,0.018499422,0.023739999
105,0.001386898,0.991326425,0.00072766,0.002688049,0.003870968
106,0.241687345,0.35981218,0.20722978,0.09873932,0.092531374
107,0.014589449,0.116950217,0.820292094,0.023830672,0.024337568
108,0.012098709,0.983441064,0,0.004460227,0
109,0.007032983,0.093727345,0.794516315,0.081261033,0.023462324
110,0.975918677,0.003043654,0.009559517,0.000411594,0.011066558
111,0.029589251,0.010195266,0.013796214,0.933264759,0.013154509
112,0.003184482,0.002683064,0.003280926,0.989817816,0.001033713
113,0.015997365,0.042338539,0.895080435,0.022316766,0.024266895
114,0.015100664,0.022380952,0.026960674,0.932779932,0.002777778
115,0.130919538,0.106253321,0.565615613,0.060129398,0.13708213
116,0.033898474,0.004264447,0.010725931,0.008397268,0.942713879
117,0.999666667,0,0,0.000333333,0
118,0.000266667,0.001235577,0.008120205,0.990110885,0.000266667
119,0.032893763,0.925892549,0.022177256,0.009073354,0.009963077
120,0.010525518,0.015526657,0.009602324,0.019738803,0.944606697
121,0,0,0,1,0
122,0.861378029,0.074702736,0.015055531,0.002848431,0.046015274
123,0.084133204,0.028779699,0.019492824,0.019741238,0.847853034
124,0.010063861,0.987027052,0.000400223,0.002037454,0.00047141
125,0.003015191,0.024321886,0.959095801,0.009037201,0.004529922
126,0.002242685,0.985102177,0,0.01107619,0.001578947
127,0.927986715,0.00572595,0.006134891,0.003091874,0.05706057
128,0.009257764,0.000659879,0.003431011,0.002773788,0.983877557
129,0.014256517,0.007772339,0.054207277,0.021477838,0.902286029
130,0.028961583,0.058702014,0.865410966,0.014271484,0.032653953
131,0.03334409,0.017779725,0.085975706,0.837679006,0.025221472
132,0.024909055,0.008479576,0.044076368,0.900464845,0.022070156
133,0.997223509,0.00162252,0.00025974,0,0.000894231
134,0.963146993,0.003828386,0.006455961,0.016114739,0.010453921
135,0.032512009,0.107966641,0.789551379,0.024407621,0.045562349
136,0.663241064,0.025315584,0.120756686,0.03405153,0.156635137
137,0.0025,0,0.000166667,0.989153846,0.008179487
138,0.914042837,0.069283971,0.003572843,0.004444444,0.008655904
139,0.001829021,0.000837556,0.004245215,0.991537056,0.001551152
140,0.055160557,0.02311945,0.01691737,0.025894932,0.878907691
141,0.035822503,0.052511965,0.02109382,0.044667369,0.845904344
142,0.007354785,0.02760376,0.939895875,0.008477051,0.016668529
143,0.000571429,0.999142857,0,0,0.000285714
144,0.985628111,0.006412664,0.005209937,0.000769231,0.001980057
145,0.19634691,0.083859832,0.095096669,0.029073414,0.595623175
146,0.001833333,0.008528094,0.010460784,0.979032861,0.000144928
147,0.078226376,0.04532667,0.305885808,0.167344006,0.40321714
148,0.000625,0.00025641,0.00309596,0.99477263,0.00125
149,0.000138889,0.004444444,0.00060181,0.994259301,0.000555556
150,0.039127139,0.010617869,0.063137344,0.877576229,0.009541419
151,0.00165761,0.001509491,0.003531988,0.984707684,0.008593227
152,0.132427256,0.423615844,0.116791794,0.080375131,0.246789975
153,0.001101449,0.00016129,0.001039306,0.993142399,0.004555556
154,0.010541795,0.054781314,0.876982801,0.025214025,0.032480066
155,0.996600988,0.001073908,0.001507244,0.000172414,0.000645447
156,0,1,0,0,0
157,0.912727372,0.02358119,0.00527217,0.012998517,0.045420751
158,0.189381087,0.509254116,0.063239377,0.114721298,0.123404121
159,0.006034483,0.982441202,0.000666667,0.01,0.000857648
160,0.796866388,0.013187488,0.020263978,0.012119771,0.157562375
161,0.101684767,0.772266954,0.065843045,0.040154891,0.020050343
162,0.160540792,0.056964439,0.043270966,0.041991914,0.697231889
163,0.265303254,0.023133065,0.050611514,0.029757072,0.631195095
164,0.065576221,0.885805676,0.020651537,0.013380511,0.014586054
165,0,0.996671808,0,0.003328192,0
166,0.025447831,0.010144103,0.072412318,0.00785281,0.884142937
167,0.055338162,0.061160897,0.79934769,0.020256179,0.063897073
168,0.982250345,0.005083838,0.002728035,0.00281746,0.007120322
169,0.147536029,0.007762896,0.017405205,0.028418477,0.798877392
170,0.082081536,0.527228024,0.090292439,0.25795781,0.04244019
171,0.262378632,0.212025609,0.181795647,0.213536107,0.130264005
172,0.00442496,0.968521929,0.011483619,0.010602847,0.004966645
173,0.000206186,0.995719407,0.000458485,0.002036975,0.001578947
174,0.008739302,0.000619048,0.006335681,0.00361708,0.980688889
175,0.041093202,0.013827461,0.048224459,0.875285809,0.021569069
176,0.000794219,0.000625,0.004571429,0.000147059,0.993862294
177,0.009821673,0.984874377,0.001666667,0.002868053,0.000769231
178,0.000833333,0.0004329,0.001311802,0.997421964,0
179,0.031259258,0.011968042,0.007787767,0.011394844,0.937590088
180,0.115519698,0.031574094,0.183787366,0.06417217,0.604946673
181,0.007454964,0.985702775,0.000408085,0.003841422,0.002592754
182,0.445565639,0.159503658,0.178667559,0.130131349,0.086131795
183,0.94979992,0.007976069,0.02292822,0.004486522,0.01480927
184,0.00817576,0.962740094,0.014137142,0.007522372,0.007424632
185,0.971974136,0.002868298,0.013394722,0.008803419,0.002959425
186,0.001402506,0.002229102,0.007739692,0.984782546,0.003846154
187,0.926458478,0.035970779,0.018887547,0.004571916,0.01411128
188,0.010600482,0.968753007,0.009466237,0.010694601,0.000485673
189,0.006355848,0.068878963,0.903112054,0.008184588,0.013468547
190,0.012297501,0.043065465,0.012825205,0.926575758,0.005236072
191,0.000649656,0.997264268,0.000653165,0.000506329,0.000926582
192,0.020517784,0.011668441,0.024307749,0.017969,0.925537026
193,0.542561113,0.063789351,0.039619725,0.216013119,0.138016692
194,0.000263158,0.995072735,0.000666667,0.002369151,0.001628289
195,0,0,0,1,0
196,0.038737476,0.866057765,0.034679584,0.038915492,0.021609684
197,0.016286953,0.047127187,0.918210009,0.01268271,0.005693141
198,0.002903124,0.000989583,0.001745267,0.991143392,0.003218634
199,0.596283419,0.044303156,0.142729337,0.068910233,0.147773855
200,0.995742748,0,0.000835401,0.000666667,0.002755185
201,0.580387313,0.043757192,0.065006503,0.0429072,0.267941791
202,0.009666855,0.978223693,0.007015024,0.00324275,0.001851677
203,0.001987627,0.980660807,0.004040897,0.009202605,0.004108063
204,0.002489071,0.001558831,0.003404801,0.977547296,0.015
205,0.894387399,0.014423147,0.034724044,0.012537613,0.043927797
206,0,0,0,1,0
207,0.002809524,0.013187925,0.001666667,0.976506825,0.00582906
208,0.00160719,0.038105129,0.927888109,0.026083928,0.006315645
209,0.004440072,0.991007572,0.000666667,0.003742832,0.000142857
210,0.992395604,0.000769231,0.006065934,0.000769231,0
211,0.98872082,0.003153065,0.007372759,0.000425532,0.000327825
212,0.002256729,0.003291925,0.009706179,0.984507072,0.000238095
213,0.979432466,0.000399225,0.016608732,0.001176471,0.002383107
214,0.056797688,0.018618592,0.055440326,0.662342497,0.206800898
215,0.057963176,0.008931563,0.081769024,0.848785441,0.002550796
216,0.002856988,0.027019292,0.957873125,0.004134001,0.008116593
217,0.000665509,0.030421557,0.953533517,0.004062112,0.011317305
218,0.03090141,0.072683344,0.830734859,0.031799913,0.033880475
219,0.978918153,0.009673554,0.001044002,0.000450192,0.009914099
220,0.021942191,0.030276832,0.914884732,0.016861063,0.016035181
221,0.001363636,0.019404065,0.971930245,0.005322581,0.001979472
222,0,0.007959184,0,0.989052095,0.002988722
223,0.001861167,0.000966132,0.012958139,0.97937201,0.004842552
224,0.144502812,0.690133986,0.084741747,0.045785766,0.03483569
225,0.008428363,0.092097143,0.873386316,0.020652237,0.005435941
226,0.99276669,0.001211362,0.003253764,0,0.002768184
227,0.106397641,0.507630806,0.047941726,0.304256982,0.033772845
228,0.002363091,0.003258861,0.048920987,0.928096568,0.017360494
229,0.94386768,0.01439348,0.008117243,0.014971194,0.018650404
230,0.003763803,0.994202498,0.000454751,0,0.001578947
231,0.00689627,0.981164877,0.000307692,0.01163116,0
232,0.008948428,0.00391897,0.026276812,0.014669712,0.946186077
233,0.077758827,0.01338571,0.045006363,0.827111815,0.036737285
234,0.068363956,0.745124372,0.024495356,0.12598859,0.036027726
235,0.006100957,0.007111664,0.005234512,0.979433478,0.002119389
236,0.921991678,0.012405634,0.011663573,0.010010961,0.043928154
237,0.000833333,0.998266667,0,0.0009,0
238,0.134013625,0.01774505,0.016887465,0.018547603,0.812806258
239,0.006605739,0.011557595,0.006404699,0.97271868,0.002713287
240,0.009604757,0.981001841,0.003480392,0.005012626,0.000900383
241,0.008557787,0.002244915,0.012865939,0.002077236,0.974254123
242,0.424396407,0.408597202,0.05815563,0.04866266,0.060188102
243,0.003854291,0.985442539,0.000555144,0.0009375,0.009210526
244,0.110438686,0.08658422,0.448066232,0.287276142,0.06763472
245,0.023914049,0.079631498,0.808945376,0.062798579,0.024710498
246,0.036086314,0.01553828,0.159460677,0.007629163,0.781285566
247,0.085478665,0.400484122,0.07895752,0.381611399,0.053468295
248,0.911307759,0.033289658,0.041333694,0.004696394,0.009372494
249,0.005349351,0.970254663,0.016054679,0.005739716,0.002601591
250,0.997434474,0.000583136,0.000397951,0,0.001584439
251,0.004604179,0.005949367,0.002815673,0.005256232,0.981374548
252,0.954231294,0.011505995,0.001963421,0.011448698,0.020850592
253,0.979592844,0.012656324,0.002094652,0.00396892,0.001687261
254,0.0062105,0.011882359,0.030198101,0.946822483,0.004886557
255,0,0.010491803,0.004556466,0.98495173,0
256,0.006704356,0.007625415,0.021081992,0.958355695,0.006232542
257,0.088574261,0.813036896,0.022986645,0.038828418,0.036573781
258,0.053833066,0.007659879,0.005841268,0.017193347,0.91547244
259,0.290216986,0.197773795,0.295254753,0.091043819,0.125710647
260,0.00125,0,0.001846154,0.996695513,0.000208333
261,0.011177705,0.056546665,0.911317102,0.013601448,0.007357079
262,0.025874189,0.010427429,0.094445765,0.014874445,0.854378172
263,0.899584216,0.018644501,0.026695422,0.012683677,0.042392184
264,0.031642369,0.003443678,0.021004138,0.011336319,0.932573496
265,0.976081752,0.005679251,0.00545262,0.003703789,0.009082588
266,0.00516911,0.019401807,0.969015906,0.002146426,0.00426675
267,0.984843462,0.000374332,0.01202593,0.000731707,0.002024568
268,0.986295266,0.004420192,0.002669725,0.001028591,0.005586226
269,0.008173938,0.031881127,0.938608725,0.009257346,0.012078863
270,0.026817416,0.015373514,0.014258753,0.036444137,0.907106179
271,0.108407999,0.043709753,0.101438567,0.715976101,0.030467579
272,0.000547945,0.000136986,0.002462241,0.996852828,0
273,0.005197926,0.077401751,0.859984545,0.005791632,0.051624146
274,0.206767734,0.092745083,0.341092105,0.081612218,0.27778286
275,0.108161611,0.108102549,0.711617469,0.038392614,0.033725757
276,0.97955412,0.011135266,0.000553091,0.000289855,0.008467668
277,0.007815376,0.985281722,0.004991414,0.001603107,0.00030838
278,0.019668805,0.9713727,0.001233011,0.005545943,0.002179542
279,0,0,0,0.99,0.01
280,0.005538958,0.004836813,0.00994375,0.976081092,0.003599387
281,0.003355233,0.973855902,0.017764064,0.003666667,0.001358135
282,0.008410808,0.969029739,0.002103469,0.015334033,0.005121951
283,0.008154397,0.0435271,0.937893913,0.00726056,0.003164031
284,0.869712562,0.027938926,0.030899122,0.038572471,0.03287692
285,0.013593505,0.020631873,0.019702495,0.92197362,0.024098507
286,0.000909091,0.006948052,0.000294118,0.991848739,0
287,0.017857819,0.052282683,0.727561031,0.008374053,0.193924414
288,0.005115272,0.027223331,0.959694741,0.004434932,0.003531724
289,0.003047945,0.993527397,0.001369863,0.000547945,0.001506849
290,0.001269048,0.001161403,0.002015267,0.994684717,0.000869565
291,0.008517516,0.033351055,0.938163244,0.009777877,0.010190308
292,0.005136443,0.970256834,0.004518989,0.018665737,0.001421998
293,0.065528683,0.869780907,0.017564486,0.02304815,0.024077774
294,0.948553395,0.005081369,0.016259997,0.000776023,0.029329216
295,0.268713606,0.667961333,0.012984111,0.028609853,0.021731096
296,0.008100071,0.031382722,0.954393774,0.001423945,0.004699487
297,0.005004441,0.000577701,0.005192581,0.003505672,0.985719606
298,0.044582683,0.036778175,0.108481781,0.770189025,0.039968337
299,0.124321563,0.045714159,0.201083771,0.30391787,0.324962638
300,0.002188722,0.995285272,0.000147059,0,0.002378947
301,0.102558877,0.047420317,0.058099996,0.090782413,0.701138396
302,0.005651293,0.016780501,0.971681791,0.004147871,0.001738544
303,0.242955658,0.015708452,0.054840742,0.014681514,0.671813634
304,0.923168898,0.008040556,0.012317424,0.006885577,0.049587544
305,0.015927798,0.008904577,0.009273623,0.009912771,0.95598123
306,0.043485434,0.021526902,0.01148076,0.018257996,0.905248908
307,0.00146698,0.986127538,0.000459236,0.002998877,0.008947368
308,0.008855996,0.016040232,0.022809675,0.945290464,0.007003633
309,0.960619476,0.016294253,0.011817587,0.001534829,0.009733854
310,0.173634503,0.141120759,0.420011667,0.18236417,0.082868901
311,0.584783594,0.047196957,0.082760461,0.090630398,0.19462859
312,0.006397858,0.007947878,0.009482309,0.969557586,0.006614369
313,0.002367725,0.068372257,0.914987677,0.008861585,0.005410756
314,0.006216161,0.002147059,0.003391056,0.000873113,0.987372612
315,0.003733333,0.975780246,0.012764697,0.002217889,0.005503834
316,0.007860618,0.983458837,0.003696958,0.004638759,0.000344828
317,0.996908477,0.001628833,0.000266667,0,0.001196024
318,0.013852151,0.005906389,0.032116493,0.948124967,0
319,0.097452724,0.096366372,0.048733249,0.051273854,0.706173802
320,0.000153846,0,0.000644444,0.996928982,0.002272727
321,0.65351782,0.038961059,0.061623559,0.081702099,0.164195463
322,0.071284684,0.053628971,0.262932088,0.063707935,0.548446322
323,0.013185016,0.055982525,0.90069512,0.012884449,0.017252891
324,0.982764965,0.000465116,0.011065891,0.000602103,0.005101925
325,0.006330368,0.01590734,0.008358776,0.957778961,0.011624555
326,0.201749946,0.074605139,0.497682792,0.08417844,0.141783684
327,0.930614403,0.008141169,0.023595496,0.011444444,0.026204487
328,0.001134187,0.000946349,0.015261886,0.982257579,0.0004
329,0.006197876,0.004736935,0.003484524,0.984237591,0.001343074
330,0,0.995828033,0,0.001743677,0.002428289
331,0.009606699,0.00627086,0.027440003,0.952044015,0.004638423
332,0.01050142,0.978756831,0.002182196,0.00516609,0.003393463
333,0.894571869,0.018505033,0.034879981,0.01281771,0.039225408
334,0.819238227,0.035356021,0.043332517,0.016450071,0.085623164
335,0.001466844,0.992298243,0.00106689,0.00405243,0.001115593
336,0.007205636,0.041863747,0.931231818,0.01119339,0.008505409
337,0.134546871,0.197665548,0.056376441,0.542531341,0.068879799
338,0.007527962,0.0004189,0.008426212,0.971936244,0.011690682
339,0.018381666,0.016862188,0.010066784,0.009959787,0.944729576
340,0.002252622,0.003754153,0.000163934,0.993596733,0.000232558
341,0.989706475,0.003351208,0.00405475,0,0.002887566
342,0.007046344,0.011501926,0.023182371,0.956952826,0.001316532
343,0.011272773,0.175667537,0.756491143,0.025718957,0.03084959
344,0.013646967,0.049985682,0.927229296,0.005416705,0.00372135
345,0.005971466,0.007873005,0.017644951,0.003211806,0.965298772
346,0.083594406,0.069231949,0.811583523,0.012024602,0.02356552
347,0.021502282,0.018261771,0.013403515,0.933883592,0.012948839
348,0.049107447,0.035100849,0.086324275,0.439144286,0.390323144
349,0.001071429,0.014343216,0.974772312,0.008937382,0.000875661
350,0.016231895,0.979537727,0.001565862,0.000344828,0.002319688
351,0.991184623,0.001052632,0.001710526,0.0025,0.003552219
352,0.043881137,0.015523082,0.002176415,0.002866667,0.935552699
353,0,0,0.000465116,0.999080103,0.00045478
354,0.006835395,0.020171287,0.945372879,0.012609347,0.015011092
355,0.979289727,0.017108057,0,0.000588235,0.00301398
356,0.022862479,0.022006573,0.021594777,0.930409166,0.003127005
357,0.019359725,0.951096717,0.012955661,0.007609749,0.008978149
358,0.46270599,0.174380734,0.129354936,0.100039436,0.133518903
359,0.728957281,0.020650536,0.068387218,0.030325835,0.15167913
360,0.101772131,0.015936121,0.010189689,0.081571893,0.790530166
361,0.006352269,0.979603882,0.005083431,0.005301999,0.003658419
362,0.22586803,0.070383653,0.380955501,0.252206198,0.070586618
363,0.02701683,0.030543406,0.809784127,0.110244501,0.022411136
364,0.545504262,0.066702737,0.190335843,0.034911608,0.162545549
365,0.001722711,0.014380379,0.967644947,0.007664522,0.008587442
366,0.067015443,0.086255371,0.666552323,0.043425312,0.136751551
367,0.005109391,0.007386877,0.039684923,0.93389638,0.013922429
368,0.50855545,0.185769858,0.19066719,0.046036353,0.068971149
369,0.148109835,0.027170474,0.01320558,0.019848693,0.791665419
370,0.029937868,0.004072745,0.042958512,0.009526864,0.913504011
371,0.007154473,0.020632792,0.011780575,0.959719599,0.00071256
372,0.03679547,0.897017462,0.028827736,0.02063177,0.016727562
373,0.898389781,0.011873592,0.009378767,0.052537136,0.027820724
374,0.008513989,0.00187663,0.016574942,0.971217245,0.001817194
375,0.002700303,0.976041377,0.002881295,0.006078486,0.012298538
376,0.006579322,0.989086473,0.002068123,0.000555556,0.001710526
377,0.692819308,0.05399584,0.075651216,0.067405951,0.110127685
378,0.996523477,0,0.000512821,0.00038961,0.002574093
379,0.584881311,0.037987254,0.068557268,0.029648847,0.27892532
380,0.101148093,0.056038438,0.131223728,0.625178724,0.086411017
381,0.818782949,0.005168494,0.015422414,0.013323295,0.147302849
382,0.00172559,0.003088235,0.002632276,0.991824732,0.000729167
383,0.122893081,0.060445544,0.702898787,0.061627368,0.052135219
384,0,0,0,1,0
385,0.099469686,0.051966018,0.117975406,0.639182281,0.09140661
386,0.002364217,0.031990137,0.950817715,0.004753766,0.010074166
387,0.140987002,0.122656182,0.587835138,0.093308059,0.055213619
388,0,0,0,1,0
389,0.012833202,0.981001179,0.001458887,0.004361905,0.000344828
390,0.056790704,0.08585235,0.720498122,0.091069847,0.045788977
391,0.924624285,0.0122422,0.017835418,0.03070203,0.014596067
392,0.000967742,0.000836753,0.040461424,0.941564219,0.016169862
393,0.93528369,0.012459227,0.012395157,0.006857509,0.033004417
394,0.015419086,0.039719629,0.871744372,0.029722091,0.043394822
395,0.041368907,0.933865966,0.008062705,0.008805619,0.007896803
396,0.032432322,0.038865065,0.841254901,0.024107244,0.063340468
397,0.051779535,0.030276593,0.080062213,0.62706669,0.210814969
398,0.002283494,0.972752322,0.008537022,0.009642974,0.006784188
399,0.004305199,0.981982737,0.000185185,0.012462745,0.001064134
400,0.097921785,0.660357704,0.095311193,0.067347713,0.079061605
401,0.035059654,0.003498335,0.025182694,0.007504723,0.928754594
402,0.003020742,0.004635754,0.005044168,0.974546141,0.012753195
403,0.195695118,0.061496623,0.075648718,0.030869826,0.636289716
404,0.002166764,0.974859962,0.011830601,0.002994975,0.008147697
405,0.055839377,0.883090799,0.008761855,0.038009349,0.014298619
406,0.916847036,0.061034605,0.011971033,0.00484611,0.005301217
407,0.059902046,0.893207266,0.009306444,0.017245791,0.020338452
408,0.00777253,0.00472253,0.025068503,0.957742474,0.004693964
409,0.00102381,0.003392857,0.000595238,0.989232767,0.005755328
410,0.972560798,0.005146703,0.013251619,0.004270186,0.004770693
411,0.003344615,0.017210104,0.017167668,0.960615077,0.001662535
412,0.009183765,0.974286079,0.005366218,0.00759052,0.003573419
413,0.972965574,0.004105843,0.002538259,0,0.020390324
414,0.035014142,0.022165785,0.066837479,0.864830371,0.011152223
415,0.002556391,0.002625,0.004057687,0,0.990760922
416,0.033912244,0.084177526,0.760720119,0.07744735,0.043742761
417,0.00162037,0.994856877,0.001187934,0.000294118,0.002040701
418,0.006137493,0.006441222,0.011111011,0.969197609,0.007112665
419,0.004477068,0.007999437,0.011647367,0.96889734,0.006978788
420,0.227024373,0.021582625,0.066311574,0.034583411,0.650498017
421,0.991363829,0.00362069,0.000852472,0.000545455,0.003617555
422,0.988784708,0.001789196,0.007241379,0,0.002184717
423,0.023783171,0.070272944,0.870369591,0.017509006,0.018065288
424,0,0,0.0004,0.995753846,0.003846154
425,0.936788507,0.028018781,0.011163654,0.002361111,0.021667948
426,0.005176768,0.001497114,0.006403319,0.98578115,0.001141649
427,0.024229082,0.027777896,0.909711571,0.011006839,0.027274612
428,0.882796463,0.072121053,0.020766854,0.004783516,0.019532114
429,0.590307109,0.082638472,0.096261911,0.16800731,0.062785198
430,0,0.996849255,0.000666667,0.002484079,0
431,0.003225275,0.019309036,0.969565088,0.005317684,0.002582917
432,0.001224026,0.003234203,0.018059906,0.97590487,0.001576994
433,0.03196554,0.918515626,0.009161177,0.033529809,0.006827847
434,0.004140179,0.018435896,0.95778357,0.009348107,0.010292248
435,0.041692256,0.002984416,0.006576223,0.012295682,0.936451423
436,0.115938084,0.007406891,0.012830521,0.008069083,0.855755421
437,0.011401929,0.018571786,0.96181831,0.003138316,0.005069659
438,0.17993405,0.067564587,0.309967226,0.065370997,0.37716314
439,0.02125,0.976317558,0.000853495,0,0.001578947
440,0.977537085,0.008962121,0.001159091,0.001139818,0.011201885
441,0.009129314,0.006949153,0.006051648,0.000984096,0.97688579
442,0.139580992,0.088929908,0.684463662,0.028020875,0.059004563
443,0.984801213,0.000910141,0.011198361,0,0.003090285
444,0.993625116,0.000797209,0.001253918,0.001990596,0.002333162
445,0.243571083,0.237147365,0.277955588,0.119768819,0.121557145
446,0.009455306,0.98084045,0.000357143,0.008716559,0.000630542
447,0.080455549,0.027209813,0.190668579,0.67167358,0.029992479
448,0.04392187,0.00577354,0.022141894,0.008467352,0.919695344
449,0.017080163,0.025413204,0.946127445,0.008067361,0.003311828
450,0.011757513,0.014128979,0.034493051,0.932213897,0.00740656
451,0.006034483,0.993473631,0.000147059,0,0.000344828
452,0.015253687,0.009202738,0.049208925,0.922017238,0.004317412
453,0.256116672,0.113000115,0.136983612,0.421510911,0.07238869
454,0.077766396,0.814297884,0.042722897,0.031893591,0.033319232
455,0.042042048,0.902182216,0.016793473,0.024332601,0.014649661
456,0.2246422,0.58280468,0.050823263,0.07328531,0.068444547
457,0.986712136,0.0025722,0.005373123,0.000661434,0.004681107
458,0.023388711,0.057042157,0.804302771,0.055504413,0.059761949
459,0.02244254,0.006764793,0.031145824,0.009885905,0.929760937
460,0.989607602,0.001304348,0.001196581,0,0.007891469
461,0.055648041,0.838590357,0.016944701,0.070852947,0.017963955
462,0.007518318,0.002407235,0.009296323,0.005525958,0.975252166
463,0.006280103,0.980434209,0.004014986,0.006068615,0.003202087
464,0.00242246,0,0.000363636,0.99655615,0.000657754
465,0.002181386,0.993414983,0.001813725,0.001010959,0.001578947
466,0.05840407,0.029929571,0.144288473,0.02843358,0.738944306
467,0.018080481,0.006701586,0.013150191,0.021699955,0.940367788
468,0.012516338,0.007443063,0.011639886,0.003265568,0.965135146
469,0.004056887,0.005921101,0.022835131,0.962823525,0.004363356
470,0.99104736,0.006295503,0.001305308,0,0.001351829
471,0.98,0,0,0,0.02
472,0.01227335,0.000265409,0.001212274,0.000147059,0.986101908
473,0.001324916,0.006703788,0.026905528,0.964907037,0.00015873
474,0,0,0,1,0
475,0.022151687,0.96212959,0.005171559,0.008382058,0.002165106
476,0.009883092,0.982176572,0.003451106,0.00297634,0.00151289
477,0.000910714,0.012254299,0.000572414,0.985012573,0.00125
478,0.003616772,0.007884756,0.009294215,0.977467591,0.001736666
479,0.058869442,0.822012306,0.053139323,0.043762721,0.022216208
480,0.982904885,0.009715415,0.002855823,0.000728983,0.003794894
481,0.983458272,0.001511232,0.003733333,0.000529825,0.010767338
482,0.013271065,0.065525037,0.881486009,0.018081591,0.021636298
483,0.745278307,0.012862676,0.019783843,0.007026443,0.215048731
484,0.09863184,0.822184911,0.00758883,0.039271267,0.032323152
485,0.04874484,0.018844013,0.132042065,0.025245524,0.775123558
486,0.0009375,0.007959184,0.001111111,0.989992205,0
487,0.001935897,0.000384615,0.001495726,0.996183761,0
488,0.01720842,0.051203168,0.907081633,0.016538891,0.007967887
489,0.010141294,0.011723694,0.005432512,0.007818717,0.964883783
490,0.027010518,0.965679831,0.002004938,0.00445332,0.000851393
491,0.051890151,0.07007485,0.73119582,0.070521379,0.076317799
492,0.00563405,0.001978632,0.022990633,0.967774672,0.001622013
493,0.955352113,0.01818038,0.005224523,0.002555556,0.018687428
494,0.039295865,0.122792491,0.768037659,0.051161982,0.018712004
495,0.080777123,0.051158075,0.46488006,0.060288841,0.342895901
496,0.989938312,0.00222619,0.006926407,0,0.000909091
497,0.039734637,0.005313544,0.007641939,0.037652197,0.909657683
498,0.966358305,0.010859077,0.007801788,0.002410291,0.012570539
499,0.977004217,0.004605541,0.009924313,0.000529825,0.007936104
500,0.97467362,0.00244651,0.019181179,0.001315496,0.002383195
501,0.016787913,0.947870106,0.007041788,0.012880249,0.015419945
502,0.966855074,0.011058737,0.009655411,0.009220404,0.003210374
503,0.972888983,0.002005926,0.000604568,0.02237931,0.002121212
504,0.990272437,0.006053143,0.001987133,0.000178571,0.001508715
505,0.002913711,0.001884615,0.000384615,0.994057318,0.00075974
506,0.01687386,0.974089713,0.004758242,0.002962396,0.001315789
507,0.977713425,0.004114943,0.009375093,0,0.008796539
508,0.014920277,0.935547405,0.008330283,0.02932559,0.011876445
509,0.403166311,0.080448928,0.112436624,0.322086016,0.081862121
510,0.006343626,0.010594114,0.004886989,0.972299001,0.00587627
511,0.99572861,0,0.003,0,0.00127139
512,0.00410698,0.981915644,0.001891784,0.007897683,0.004187909
513,0.952388361,0.005920846,0.020172339,0.004601421,0.016917032
514,0.861557393,0.020308086,0.023338636,0.029358789,0.065437096
515,0.007788377,0.980404942,0.00308841,0.005570606,0.003147666
516,0.213181423,0.074472143,0.063737277,0.038169306,0.61043985
517,0.001141649,0.007483985,0.001060621,0.989943375,0.00037037
518,0.227497617,0.017275968,0.018614768,0.015914454,0.720697193
519,0.036511815,0.009907736,0.043234738,0.905185699,0.005160012
520,0.002994678,0.021017446,0.959012221,0.002763875,0.014211779
521,0.216384323,0.677935713,0.031114451,0.0442381,0.030327413
522,0.033842582,0.015619684,0.039438288,0.898271085,0.01282836
523,0.003400166,0.008879347,0.02152807,0.960307542,0.005884875
524,0.106815055,0.05618741,0.698984349,0.056410194,0.081602992
525,0.014331465,0.965676724,0.010388374,0.005614089,0.003989348
526,0.034339236,0.003489397,0.022296393,0.004453773,0.935421201
527,0.120522525,0.055279392,0.1112899,0.085930551,0.626977632
528,0.007277602,0.017113946,0.96923776,0.002110143,0.004260549
529,0.022362675,0.948273083,0.011749078,0.005068821,0.012546343
530,0.589858671,0.032565563,0.090338708,0.169209323,0.118027735
531,0,0,0.001808081,0.998191919,0
532,0.023002487,0.114866323,0.738684965,0.09261202,0.030834205
533,0.009331287,0.028510698,0.936929759,0.022010586,0.003217671
534,0.778301814,0.115604397,0.024245932,0.042084994,0.039762863
535,0.00844002,0.007650362,0.010606595,0.970256063,0.003046959
536,0.051415261,0.76481031,0.046811747,0.115952383,0.021010299
537,0.09100016,0.012905056,0.031164916,0.028497455,0.836432413
538,0.079125176,0.095030957,0.557705585,0.175836688,0.092301595
539,0.001355389,0.995673444,0.00079222,0.0006,0.001578947
540,0,0.000794834,0.004026163,0.995179003,0
541,0.819460095,0.032828611,0.055073043,0.030761692,0.061876559
542,0.33587951,0.038524549,0.057316326,0.05050248,0.517777134
543,0.000833333,0.000243902,0.005800336,0.988064153,0.005058275
544,0.973280479,0.006401013,0.006752399,0.000175439,0.01339067
545,0.008627778,0.003785672,0.003075949,0.979287952,0.00522265
546,0.026635343,0.960022395,0.007619048,0.003809524,0.00191369
547,0.03017146,0.020878788,0.014699719,0.004191489,0.930058544
548,0.010004711,0.032293856,0.937421739,0.00096295,0.019316743
549,0.005508748,0.109766819,0.831551187,0.035451567,0.017721678
550,0.030400933,0.003819899,0.005292566,0.017045857,0.943440745
551,0.001833333,0.00030303,0.001835243,0.996028393,0
552,0.006527784,0.004576765,0.00322407,0.979279325,0.006392056
553,0.028280763,0.007359199,0.083719388,0.012728791,0.86791186
554,0.970260469,0.015325575,0.001567571,0.004489164,0.008357221
555,0.143486586,0.541106249,0.124626035,0.106063102,0.084718029
556,0.008408561,0.962019829,0.003744005,0.015499204,0.010328401
557,0.06089405,0.079294826,0.718088746,0.032178743,0.109543635
558,0.944455073,0.006342583,0.005499655,0.0015745,0.042128189
559,0.005525038,0.968694191,0.01504232,0.007739571,0.002998879
560,0.016019496,0.948030964,0.015899205,0.009968411,0.010081924
561,0.009187468,0.006760781,0.010568186,0.002774225,0.970709341
562,0.004098275,0.007025128,0.0103918,0.976189914,0.002294883
563,0.099217292,0.12805797,0.345638009,0.336751837,0.090334892
564,0.759356615,0.04704263,0.121285398,0.031187568,0.041127788
565,0.179092691,0.0203791,0.121679119,0.023779249,0.655069842
566,0.000392157,0.026273201,0.966933661,0.006219163,0.000181818
567,0.014481988,0.003332623,0.008323003,0.971002598,0.002859788
568,0.058433871,0.010294982,0.034171069,0.037562947,0.859537132
569,0.905043897,0.016268659,0.033935713,0.017677429,0.027074302
570,0.011543007,0.942665283,0.0061352,0.022390131,0.017266379
571,0.008389136,0.006093234,0.038114057,0.944686984,0.002716589
572,0.008321626,0.983182238,0.000988299,0.007163009,0.000344828
573,0.990255333,0.008059147,0,0.001538462,0.000147059
574,0.037124762,0.008700512,0.026131763,0.010109621,0.917933343
575,0.208697402,0.508015155,0.134958026,0.103749799,0.044579618
576,0.957565545,0.01244701,0.017931682,0.002250556,0.009805207
577,0,0,0,0.996153846,0.003846154
578,0.001408772,0.984690385,0.004321705,0.004005762,0.005573376
579,0.005488068,0.969783028,0.006619595,0.009288832,0.008820477
580,0.180826102,0.036814792,0.077048243,0.108994766,0.596316097
581,0.144006733,0.503532569,0.04527721,0.255504282,0.051679207
582,0.086414179,0.054578574,0.648019101,0.153086596,0.057901551
583,0.904775915,0.020218151,0.03225296,0.009112487,0.033640487
584,0.006368511,0.025575917,0.960866541,0.000854229,0.006334802
585,0.986454465,0.002844015,0.005744817,0.000508772,0.004447932
586,0.989704386,0.002561575,0.002644439,0.004582505,0.000507096
587,0,0.000909091,0.000909091,0.998181818,0
588,0.041457295,0.003911164,0.05185477,0.008641041,0.894135731
589,0.100037737,0.177605648,0.054256774,0.605252208,0.062847632
590,0.083224122,0.017661074,0.205387897,0.010842377,0.68288453
591,0,0.01,0.000983773,0.989016227,0
592,0.973871168,0.010661899,0.001291723,0.003854794,0.010320416
593,0.650738963,0.183541056,0.032285472,0.059421995,0.074012513
594,0.887324997,0.023713137,0.018813387,0.026259875,0.043888604
595,0.006324014,0.010003306,0.979777168,0.002145928,0.001749584
596,0.072335974,0.091428558,0.645812588,0.068288592,0.122134288
597,0.042286533,0.085731902,0.06185908,0.790867568,0.019254917
598,0.000848896,0.001764706,0.000294118,0.99097216,0.00612012
599,0.034426237,0.005623267,0.02029545,0.022886809,0.916768237
600,0.181628732,0.055043164,0.109276744,0.566728165,0.087323194
601,0.021825908,0.968984123,0.004687817,0.001747652,0.002754499
602,0.012241648,0.056812328,0.013895829,0.907048593,0.010001602
603,0.978790562,0.009403299,0.006171001,0.00276716,0.002867977
604,0.119066722,0.031607454,0.085527246,0.127402927,0.636395652
605,0.776121321,0.032018561,0.061355101,0.039177092,0.091327925
606,0.013868922,0.000589681,0.027677873,0.957863525,0
607,0.000616698,0.005678955,0.000441176,0.991489666,0.001773504
608,0.359786702,0.029293524,0.051325528,0.070453646,0.4891406
609,0.001858586,0.997665224,0,0.00047619,0
610,0.0005,0,0.0004,0.995253846,0.003846154
611,0.005825465,0.012841269,0.976788125,0.001231704,0.003313437
612,0.001492982,0.988271272,0.001875,0.006628289,0.001732456
613,0.068253766,0.21338285,0.444609644,0.206399433,0.067354307
614,0.015248786,0.006168294,0.022471962,0.007016178,0.94909478
615,0.002379227,0.001636386,0.00623607,0.986529916,0.0032184
616,0.011495146,0.983252118,0.000330113,0.003151476,0.001771147
617,0.145786728,0.022489929,0.008821924,0.0131009,0.809800519
618,0.759428729,0.040823375,0.115578545,0.049255814,0.034913536
619,0.029035925,0.00631911,0.024973002,0.933274065,0.006397898
620,0.136491751,0.487670165,0.062516892,0.058427823,0.254893369
621,0.016920631,0.007485591,0.017538532,0.933205371,0.024849876
622,0.002844575,0.011954192,0.004662757,0.979629386,0.000909091
623,0.020456088,0.014120056,0.025775992,0.020600402,0.919047462
624,0.005303429,0.034022287,0.952897534,0.002493757,0.005282993
625,0.896454098,0.029595806,0.030018708,0.023044466,0.020886922
626,0.016512495,0.034691831,0.910220761,0.028209549,0.010365363
627,0.012190262,0.073907448,0.88096598,0.006284406,0.026651904
628,0.000947581,0,0.002226197,0.996826222,0
629,0.009169129,0.957058586,0.001730348,0.027190432,0.004851505
630,0.029773381,0.011003766,0.013062614,0.008012239,0.938148
631,0.000416667,0.048941172,0.932150582,0.015163783,0.003327796
632,0.981794914,0.005049942,0.001587302,0.000135135,0.011432706
633,0.124890337,0.519299767,0.146282421,0.110078648,0.099448826
634,0.01412195,0.040286361,0.891718031,0.016058841,0.037814817
635,0.015288174,0.048180516,0.908748998,0.003308992,0.02447332
636,0.017491874,0.943705249,0.0196259,0.008703388,0.01047359
637,0.042617671,0.006872618,0.002334695,0.003281667,0.94489335
638,0.100440293,0.051288054,0.021535063,0.024013173,0.802723417
639,0.064425594,0.012969057,0.025116542,0.04112071,0.856368096
640,0.012895543,0.978186851,0.001813725,0.004387488,0.002716394
641,0.037591905,0.004427694,0.002447348,0.003541635,0.951991417
642,0.08988732,0.815273573,0.032887917,0.03214753,0.029803661
643,0.803005124,0.032416951,0.058702736,0.031633764,0.074241425
644,0.009214568,0.943700049,0.007661778,0.031890454,0.00753315
645,0.437993164,0.070948059,0.316579556,0.103261785,0.071217435
646,0.008424734,0.98853478,0.000307692,0.001153846,0.001578947
647,0.000909091,0.011299191,0.007666667,0.978458385,0.001666667
